999 2990
0 13
0 318
0 650
0 714
1 337
1 365
1 931
2 78
2 125
2 227
2 331
2 428
2 470
2 548
2 587
2 676
2 721
2 932
3 87
3 396
3 411
3 437
3 669
3 972
4 8
4 16
4 359
4 537
4 729
4 805
5 58
5 91
5 258
5 340
5 649
5 854
6 58
6 127
6 355
6 443
6 468
6 593
6 649
7 49
7 61
7 508
7 707
7 815
7 947
7 957
8 418
8 559
8 602
8 670
9 69
9 72
9 117
9 136
9 311
9 450
9 495
9 497
9 645
9 749
10 32
10 187
10 613
10 912
11 176
11 306
11 403
11 633
11 671
11 879
12 102
12 211
12 428
12 569
12 592
12 622
12 633
12 642
12 726
12 792
12 835
12 959
13 193
13 361
13 561
14 107
14 345
14 367
14 513
14 526
14 595
14 828
14 870
14 960
15 286
15 299
15 580
15 606
15 621
15 643
15 683
15 930
15 984
15 986
16 180
16 339
16 657
16 665
16 739
16 886
16 951
17 55
17 79
17 188
17 305
17 324
17 339
17 396
17 710
17 874
17 899
18 292
18 300
18 394
18 417
18 434
18 526
18 553
18 789
18 871
18 947
19 152
19 207
19 356
19 472
19 568
19 862
20 142
20 393
20 766
21 60
21 70
21 800
22 373
22 566
22 637
22 739
22 845
22 981
23 145
23 183
23 522
23 829
23 834
23 886
24 190
24 509
24 596
24 634
24 810
24 864
24 976
25 378
25 725
25 922
26 44
26 606
26 802
26 870
26 998
27 398
27 822
28 361
28 670
29 35
29 49
29 124
29 355
29 841
29 875
29 946
30 142
30 508
30 536
30 741
30 942
31 63
31 143
31 241
31 343
31 372
31 647
32 202
32 204
32 356
32 456
32 537
32 557
32 559
32 591
32 683
32 746
32 997
33 173
33 184
33 262
33 283
33 413
33 602
33 616
33 691
33 828
34 72
34 213
34 279
34 328
34 342
34 859
35 225
35 311
35 368
35 550
35 613
35 693
35 879
35 938
36 163
36 671
36 757
37 40
37 84
37 323
37 397
37 535
37 544
37 679
38 545
38 630
39 335
39 342
39 462
39 724
39 790
40 712
40 841
40 926
41 136
41 197
41 290
41 430
42 271
42 401
42 494
42 686
43 86
43 91
43 223
43 501
43 725
43 732
43 820
43 824
43 849
43 932
44 72
44 291
44 350
44 756
44 842
44 924
45 157
45 637
45 802
45 826
45 873
46 205
46 365
46 510
46 560
46 818
47 79
47 164
47 235
47 526
47 655
47 784
48 132
48 263
48 538
48 617
48 643
48 661
48 702
48 759
48 785
48 926
48 948
48 970
49 326
49 332
49 918
50 316
50 406
50 457
50 460
50 580
50 913
50 932
51 156
51 160
51 423
51 539
51 780
51 807
51 872
51 926
52 132
52 184
52 295
53 276
53 788
54 184
54 676
54 850
54 882
55 171
55 368
55 423
55 798
55 801
56 75
56 80
56 772
57 58
57 93
57 120
57 516
57 913
57 929
58 159
58 242
58 392
58 684
58 941
58 965
59 471
59 773
59 801
59 966
60 210
60 348
60 376
60 553
60 780
60 785
60 990
61 165
61 292
61 545
61 696
61 812
61 992
62 435
62 436
62 755
63 437
63 598
63 758
63 811
63 822
63 885
64 65
64 67
64 333
64 363
64 367
64 383
64 589
64 707
64 720
64 757
65 535
65 611
65 918
66 537
66 853
66 872
67 465
67 954
68 163
68 195
68 254
68 306
68 385
68 638
68 791
68 851
68 896
69 685
70 171
70 204
70 425
70 704
71 117
71 193
71 301
71 468
71 803
71 978
72 194
72 268
72 563
72 615
72 736
72 828
73 80
73 420
73 654
73 910
73 940
74 171
74 283
74 414
74 484
74 569
74 593
74 639
74 666
74 690
74 918
75 251
75 257
75 421
75 792
75 993
76 480
76 680
76 886
77 299
77 566
77 656
77 868
78 132
78 194
78 207
78 823
78 920
79 171
79 304
79 413
80 839
81 187
81 886
82 332
82 391
82 428
83 606
83 992
84 558
84 572
84 602
84 732
85 165
85 534
85 596
85 783
86 153
86 328
86 367
86 437
86 615
86 836
87 145
87 299
87 489
87 494
87 496
87 893
87 916
88 208
88 443
88 519
88 650
88 684
88 915
89 169
89 681
89 766
89 837
90 281
90 294
90 326
90 769
91 309
91 346
91 502
91 530
91 727
91 865
91 994
92 253
92 277
92 288
92 478
92 730
93 239
93 688
93 739
93 751
93 903
94 189
94 220
94 248
94 345
94 364
94 479
95 289
95 477
95 504
95 660
95 712
95 775
95 848
96 708
96 737
96 956
97 406
97 599
97 848
97 998
98 112
98 339
98 479
98 691
98 759
98 789
99 209
99 304
99 446
99 585
100 233
100 312
100 377
100 648
100 698
100 933
101 468
101 551
101 844
101 861
101 897
101 940
102 139
102 378
102 512
102 628
102 671
102 695
102 807
103 129
103 499
103 547
103 800
104 380
104 459
104 652
104 658
105 148
105 329
105 748
105 802
105 827
105 835
106 140
106 273
107 181
107 400
107 428
107 477
107 480
107 581
107 923
108 368
108 419
108 559
108 837
108 871
108 907
108 931
109 140
109 216
109 279
109 367
109 443
109 534
109 547
109 611
109 626
110 319
110 370
110 392
110 450
110 494
110 781
110 906
110 965
111 122
111 227
111 290
111 469
111 594
111 627
111 830
111 898
112 185
112 237
112 383
113 116
113 195
113 254
113 518
113 788
113 855
114 214
114 331
114 431
114 527
114 561
114 672
115 275
115 405
115 498
115 520
115 594
115 924
115 947
115 965
115 972
116 209
116 432
116 589
116 989
117 130
117 134
117 407
117 567
117 696
118 158
118 336
118 343
118 371
118 487
118 608
118 968
119 164
119 353
119 430
119 531
119 569
119 949
120 209
120 406
120 757
121 183
121 367
121 652
121 709
122 270
122 292
122 484
122 667
122 725
122 760
122 900
122 965
123 198
123 329
123 627
124 163
124 242
124 330
124 343
124 715
124 959
125 183
125 364
126 180
126 374
126 391
126 422
126 509
126 938
127 141
127 718
127 720
127 741
127 813
127 864
127 890
128 259
128 301
128 474
128 521
128 553
128 760
128 761
128 813
129 312
129 582
129 695
130 188
130 203
130 207
130 328
130 456
130 526
130 641
130 654
130 675
130 902
130 935
130 964
131 272
131 427
131 455
132 153
132 352
132 438
132 768
133 183
133 444
133 463
133 941
134 211
134 245
134 342
134 450
134 487
134 488
134 556
134 596
134 636
134 655
134 855
134 885
134 996
135 899
136 323
136 335
136 385
136 438
136 478
136 689
136 963
136 975
137 222
137 667
137 688
138 141
138 263
138 562
138 565
138 577
139 351
139 384
139 414
139 569
139 599
139 612
139 712
139 807
140 296
140 498
140 611
140 805
140 894
141 202
141 218
141 259
141 565
141 583
141 663
141 742
141 870
142 224
142 315
142 477
142 835
142 929
143 284
143 290
143 441
143 777
143 892
143 998
144 271
144 396
144 458
144 599
144 717
144 906
145 258
145 764
146 386
146 486
146 704
146 864
146 884
147 422
147 433
147 485
147 486
147 523
148 175
148 233
148 243
148 447
148 524
148 538
148 976
149 173
149 336
149 537
149 572
149 602
150 493
150 568
150 604
150 949
151 177
151 318
151 539
151 622
151 678
151 749
151 821
152 267
152 498
152 777
152 846
152 853
153 476
153 583
153 702
153 833
153 913
153 953
154 340
154 492
154 575
154 675
154 872
155 180
155 251
155 565
155 739
156 209
156 256
156 370
156 517
156 676
156 742
156 925
157 276
157 444
157 462
157 514
157 522
158 597
158 686
158 704
159 298
159 432
159 548
159 734
159 788
160 202
160 316
160 666
160 676
160 753
160 841
161 206
161 305
161 343
161 379
161 382
161 458
161 807
161 848
161 877
161 925
161 952
162 200
162 213
162 811
163 197
163 416
163 437
163 575
163 762
164 232
164 349
164 439
164 876
164 959
164 974
165 240
165 310
165 333
165 367
165 380
165 441
166 250
166 339
166 342
166 402
166 536
166 730
166 895
166 942
167 630
167 631
167 766
168 175
168 329
168 358
170 487
170 701
170 869
170 884
171 205
171 547
171 718
171 868
172 179
172 255
172 273
172 321
172 531
172 718
172 927
173 194
173 434
173 909
173 956
173 963
173 983
174 228
174 241
174 382
174 591
174 858
175 221
175 553
175 670
175 844
175 948
176 188
176 507
176 699
176 716
176 961
176 969
177 209
177 230
177 277
177 451
177 483
177 571
177 887
178 222
178 309
178 326
178 377
178 621
179 363
179 391
179 420
179 452
179 626
179 701
180 293
180 426
180 532
180 701
180 898
180 926
181 217
181 229
181 383
181 528
181 650
181 920
182 249
182 311
182 707
182 808
182 858
183 584
184 343
184 517
184 672
184 852
184 865
185 188
185 281
185 645
185 701
185 787
185 808
186 252
186 818
186 853
186 859
186 924
186 974
187 308
187 494
187 534
187 778
188 341
188 708
188 752
188 756
188 810
189 219
189 267
189 276
189 443
189 940
189 997
190 300
190 326
190 658
191 276
191 631
191 920
192 210
192 278
192 708
192 789
192 972
193 245
193 461
193 639
193 720
193 844
193 963
194 201
194 217
194 387
195 260
195 500
195 768
195 794
196 227
196 298
196 305
196 523
196 678
196 700
196 931
197 368
197 581
197 721
197 802
197 924
198 286
198 483
198 830
198 982
199 452
200 217
200 267
200 272
200 312
200 399
200 408
200 708
200 816
201 304
201 359
201 375
201 645
201 838
202 332
202 484
202 561
202 656
202 687
202 853
202 987
203 428
203 446
203 515
203 704
203 787
203 944
204 323
204 398
204 488
204 499
204 530
204 802
204 873
205 450
205 473
205 478
205 534
205 537
205 607
205 628
205 897
206 524
207 406
207 631
207 661
207 765
208 228
208 430
208 503
208 557
208 611
208 834
208 869
208 913
208 959
208 993
209 295
209 303
209 680
209 950
210 386
210 461
210 519
210 560
210 987
211 253
211 405
211 600
211 625
211 879
211 899
212 267
212 685
212 693
212 696
212 744
212 791
213 432
213 577
213 578
213 692
213 830
213 899
213 939
213 980
214 367
214 399
214 450
214 548
215 278
215 377
215 546
215 736
215 756
215 807
215 897
215 962
216 232
216 253
216 405
216 654
216 852
216 870
217 468
217 557
217 727
218 308
218 381
218 474
218 889
219 270
219 637
221 232
221 266
221 478
222 230
222 394
222 504
222 589
222 801
222 820
223 303
223 322
223 340
223 360
223 655
223 712
223 742
223 752
224 289
224 532
224 599
224 834
224 912
225 285
225 330
225 533
225 642
225 643
225 864
226 227
226 376
226 406
226 507
226 828
227 323
227 534
227 583
227 770
227 996
228 620
228 705
228 709
228 798
228 924
229 580
229 889
230 272
230 494
230 823
230 908
231 525
231 679
231 908
232 300
232 454
232 758
232 808
232 994
233 255
233 278
233 387
233 593
233 886
234 501
234 971
235 263
235 471
235 581
235 653
235 698
236 238
236 379
236 430
236 585
236 597
236 770
237 365
237 602
237 644
237 659
237 693
237 772
238 281
238 407
238 724
238 730
238 907
239 288
239 359
239 529
239 558
239 757
239 881
240 249
240 257
240 752
240 821
240 836
240 884
241 337
241 504
241 804
241 908
241 909
242 442
242 842
243 675
243 968
244 338
244 378
244 398
244 430
244 669
244 735
244 773
245 282
245 367
245 759
245 793
245 812
245 927
246 514
246 543
246 564
246 628
246 946
246 950
247 511
247 763
247 898
248 335
248 378
248 402
248 669
248 719
248 772
248 832
249 565
249 827
250 268
250 368
250 401
250 441
250 491
250 690
250 738
251 355
251 525
251 934
252 518
252 630
252 787
252 875
252 882
252 905
253 381
253 695
253 957
254 320
254 930
255 347
255 403
255 723
256 462
256 657
256 715
256 764
256 835
256 864
257 366
257 792
258 495
258 598
259 283
259 393
259 691
259 735
259 971
260 308
260 320
260 454
260 919
261 263
261 339
261 384
261 519
261 589
261 645
261 845
261 885
261 985
262 395
262 624
262 755
263 386
263 498
263 638
263 725
263 751
264 274
264 495
264 706
265 450
265 470
265 513
265 702
265 779
266 452
266 956
266 966
267 328
267 387
267 549
267 551
267 571
268 400
268 517
268 708
268 717
269 301
269 396
269 533
269 649
269 899
270 515
270 627
270 662
271 501
271 918
272 287
272 470
272 721
272 829
273 456
273 531
273 818
273 916
273 983
273 992
274 369
274 408
274 501
274 834
275 501
275 676
275 835
275 953
276 338
276 399
276 545
276 624
276 976
276 998
277 279
277 283
277 306
277 566
277 599
277 795
278 805
278 814
279 406
279 411
279 927
279 979
280 286
280 306
280 793
281 307
281 409
281 669
281 782
281 821
282 622
283 451
283 584
283 610
284 825
286 702
286 862
287 427
287 516
287 526
287 531
287 870
287 939
288 378
288 514
288 664
289 342
289 488
289 559
290 391
290 401
290 703
290 861
291 352
291 647
291 746
291 839
291 876
291 958
292 677
292 816
292 827
293 427
293 456
293 608
293 665
293 963
294 464
294 773
294 785
295 646
295 752
295 978
296 947
296 976
297 434
297 755
298 476
298 686
298 731
299 652
300 527
300 708
300 763
300 831
300 933
300 979
301 352
301 421
301 551
301 577
301 713
301 807
302 496
302 631
302 724
302 883
303 331
303 381
303 553
303 624
303 790
303 907
304 398
304 401
304 720
304 785
304 804
304 832
304 951
305 437
305 521
305 888
305 911
305 920
305 930
305 979
306 443
306 501
306 842
306 870
306 931
306 961
307 766
308 373
308 487
308 496
308 759
309 755
309 760
310 359
311 486
312 352
312 707
312 820
312 875
312 881
313 517
313 818
313 927
314 344
314 444
314 587
314 644
314 679
315 737
315 838
315 904
315 957
316 422
316 433
316 485
316 654
316 761
316 874
316 960
317 527
317 984
318 832
318 864
319 657
319 757
319 803
319 853
319 867
319 888
320 321
320 654
320 855
320 955
321 835
322 374
322 541
322 566
322 883
323 481
324 612
324 943
325 370
325 422
325 488
325 495
325 519
325 614
325 795
325 842
325 844
326 535
327 439
327 531
328 366
328 540
328 968
328 981
329 641
329 756
330 444
330 480
330 515
330 601
331 416
331 469
331 605
331 871
331 968
332 403
332 919
332 991
333 400
333 754
334 342
334 368
334 709
334 798
334 825
334 854
334 980
335 364
335 390
335 615
335 962
335 995
336 591
336 772
336 880
337 517
337 638
337 746
337 764
338 401
338 494
338 511
338 643
338 908
339 377
339 768
339 889
340 464
340 696
341 435
341 439
341 468
341 692
341 793
342 717
342 722
342 748
342 883
343 441
343 836
343 982
344 507
344 642
344 665
344 991
345 423
345 799
346 533
347 474
347 823
347 850
347 918
347 936
348 370
348 382
348 842
348 883
348 977
349 420
349 496
349 609
349 636
349 670
349 689
350 603
350 771
350 798
350 879
351 499
351 784
351 824
351 878
351 946
352 382
352 612
353 382
353 390
353 407
353 849
354 402
354 451
354 575
354 580
354 726
354 879
355 791
355 864
356 424
356 819
356 993
357 495
357 836
357 984
358 454
358 771
358 791
358 949
358 953
359 396
360 579
360 906
361 438
361 472
361 504
362 438
362 510
362 521
362 544
363 413
363 441
363 894
363 924
363 968
364 533
364 534
364 700
364 956
365 378
365 638
365 768
365 875
366 375
366 407
366 413
366 425
366 478
366 492
366 722
366 821
367 562
367 582
367 620
367 935
368 766
370 375
370 717
370 718
370 776
371 379
371 385
371 393
371 448
371 542
371 731
371 794
371 979
372 656
372 933
372 940
373 375
373 562
373 657
374 425
374 495
374 583
374 748
375 452
375 627
376 741
376 966
376 977
377 581
377 779
377 793
378 459
378 543
378 674
378 771
378 794
378 837
378 848
378 909
379 937
380 415
380 540
380 556
381 383
381 402
381 443
381 531
381 581
381 616
381 693
381 715
381 933
382 391
382 921
383 691
383 721
383 775
383 922
383 997
384 458
385 390
385 624
385 674
386 419
386 528
386 534
386 586
386 591
386 829
386 978
387 433
387 444
387 465
387 874
387 946
388 621
388 970
389 747
390 694
391 886
391 971
392 417
392 572
392 580
392 800
393 555
393 604
393 624
393 660
394 492
394 550
394 676
394 729
394 800
395 400
395 536
395 631
395 959
396 475
396 534
396 536
396 808
396 921
396 998
397 452
397 643
397 672
397 931
397 980
398 865
399 521
399 842
399 850
399 965
400 764
401 447
401 587
401 793
401 994
402 459
402 570
402 788
402 802
402 849
403 610
403 736
404 595
404 706
404 854
404 903
405 824
405 840
406 426
406 491
406 698
406 708
406 831
407 696
407 994
408 744
408 795
408 821
409 640
409 683
409 793
409 960
410 430
410 600
410 692
410 881
410 989
411 483
411 643
411 761
411 899
411 968
412 912
413 438
413 449
413 719
414 627
414 697
414 699
414 701
414 814
415 422
415 445
415 750
415 949
416 626
416 723
416 939
416 980
417 447
417 479
417 509
417 532
417 770
418 424
418 523
418 564
418 993
419 577
420 463
420 955
421 488
421 655
421 702
421 747
422 818
422 870
422 901
423 698
423 945
424 425
424 541
424 715
424 801
424 854
424 931
425 584
425 623
425 978
426 458
426 472
426 677
426 687
427 489
427 648
427 920
428 687
428 760
428 761
428 897
429 527
430 540
430 594
430 730
431 729
431 826
432 519
432 753
432 769
432 946
433 491
433 634
433 870
434 506
434 619
434 749
434 797
434 803
435 582
435 757
435 924
435 935
436 451
436 622
437 584
437 729
437 936
438 463
438 541
438 557
438 688
438 779
438 934
439 498
439 869
440 560
440 759
440 898
440 994
441 632
441 652
442 520
442 942
443 444
443 583
443 630
443 944
444 447
444 471
444 507
444 750
444 865
445 574
445 830
445 939
445 956
446 460
446 579
446 673
446 730
446 835
446 902
447 511
447 599
447 709
447 794
447 804
447 882
447 953
448 600
448 674
448 689
448 787
448 909
449 498
449 516
449 546
449 757
449 914
449 921
449 927
450 523
450 613
450 632
450 697
450 844
450 891
450 928
450 938
450 944
451 567
451 694
451 956
452 843
453 885
454 499
454 540
454 648
454 793
454 880
454 975
455 659
455 731
455 811
455 894
455 922
456 673
456 820
456 960
457 581
457 618
457 639
457 827
458 529
458 575
458 582
458 873
459 543
459 627
459 654
459 700
460 685
460 966
461 609
461 662
461 693
461 703
462 635
462 698
463 485
463 750
463 790
463 957
464 529
464 669
464 961
465 576
465 664
465 875
466 692
466 727
467 598
467 700
467 752
467 826
467 893
467 922
467 936
468 476
468 900
469 881
469 922
470 493
470 499
470 591
470 822
470 843
470 994
471 575
471 645
471 663
472 529
472 565
472 711
472 845
472 897
473 524
473 588
473 821
473 823
473 927
473 956
473 957
474 526
474 654
474 984
474 996
475 502
475 753
475 826
475 872
475 933
476 487
476 543
476 884
476 943
476 973
477 585
477 674
477 794
478 539
478 710
479 636
480 577
480 904
480 929
481 804
481 836
481 865
482 673
482 716
483 703
484 598
484 756
484 775
484 914
485 731
485 939
485 989
486 521
486 645
486 749
486 754
487 835
489 499
489 669
489 935
490 527
490 539
490 934
490 966
491 559
491 792
492 557
492 582
492 766
492 780
492 894
493 566
493 790
493 845
494 749
494 872
494 987
495 595
495 932
496 683
496 689
496 723
496 799
496 932
497 527
497 906
497 961
498 638
498 756
498 846
498 991
499 535
499 905
499 997
500 502
500 521
500 584
500 616
500 626
500 892
500 956
500 975
501 615
501 674
501 733
501 775
502 694
502 798
502 845
502 847
503 655
503 657
503 819
503 820
504 514
504 724
504 839
504 930
504 967
505 587
506 545
506 785
506 982
507 577
507 608
507 717
507 753
508 529
508 774
508 858
509 709
510 512
510 572
510 785
510 821
511 561
511 574
511 940
511 954
512 729
513 526
513 733
513 793
514 550
514 610
514 972
516 637
516 732
517 625
517 671
517 708
517 744
517 862
517 960
518 705
518 815
518 953
520 613
520 651
520 896
520 951
521 545
521 557
521 589
521 759
522 653
522 713
522 728
522 800
522 830
523 828
523 908
523 988
524 649
524 917
525 555
525 580
525 595
525 682
525 704
525 938
526 676
526 820
526 895
526 923
526 963
527 741
527 982
528 572
528 711
528 826
529 576
529 853
529 867
530 749
530 989
531 532
531 630
531 764
531 893
531 905
532 601
532 611
532 776
532 861
533 727
533 915
534 676
534 790
535 606
535 626
535 733
535 869
536 664
536 707
536 898
536 986
537 821
537 946
538 877
538 894
538 923
539 615
539 723
539 838
539 998
540 550
540 868
541 855
542 636
542 714
542 834
544 684
545 551
547 572
547 587
547 780
547 806
547 813
548 723
548 841
548 978
549 878
549 960
550 605
551 560
551 776
551 827
551 877
551 892
552 668
552 881
552 949
553 567
553 594
553 695
553 752
553 985
554 624
554 796
555 816
555 966
556 732
556 797
556 830
556 905
557 628
558 748
558 997
559 624
559 947
560 609
561 674
561 768
561 947
561 974
562 715
562 791
562 826
563 651
563 813
564 616
564 792
564 992
565 599
565 689
566 635
566 666
566 738
566 952
567 676
568 659
568 758
568 925
569 624
569 631
569 874
569 928
569 965
570 588
570 589
570 619
570 792
571 712
572 758
572 898
573 888
574 602
574 731
574 905
574 972
575 643
575 657
575 695
575 703
575 832
575 938
576 611
576 641
578 763
578 910
579 653
579 688
579 715
580 625
580 668
581 652
582 586
582 756
583 693
584 635
584 735
585 756
585 759
586 877
587 794
588 601
588 682
588 794
589 686
590 651
590 740
590 755
590 880
592 603
592 717
592 996
594 824
594 886
595 690
595 896
595 966
596 645
596 719
596 866
596 929
596 937
597 706
597 710
597 775
597 923
598 688
598 695
598 745
598 832
599 609
599 817
599 824
599 872
599 885
599 944
600 645
600 687
600 828
600 847
601 809
601 821
602 772
602 813
602 944
603 831
603 934
604 804
606 715
606 734
606 978
607 640
607 756
607 845
607 852
608 627
608 768
608 946
609 980
610 636
610 989
611 849
611 858
612 737
612 811
612 883
613 808
613 857
613 897
614 762
614 917
615 657
616 663
616 916
617 731
617 833
618 635
618 680
618 780
619 692
619 851
619 924
620 990
621 978
622 715
623 704
623 705
623 960
624 685
625 653
625 740
625 822
625 969
626 696
626 731
626 855
627 796
628 681
628 885
629 741
629 767
629 786
629 849
629 905
630 650
630 674
630 962
631 962
632 733
632 815
632 921
632 996
633 635
633 747
633 890
634 664
634 984
635 731
635 905
636 856
636 963
637 816
637 839
637 879
638 786
638 810
639 727
639 931
640 718
640 727
641 706
641 828
641 916
642 809
643 814
643 932
644 863
644 941
645 666
645 847
646 666
646 690
646 750
646 829
646 930
647 826
647 984
648 786
648 946
649 991
650 794
650 801
651 705
651 729
651 739
652 753
652 976
653 919
654 871
655 804
655 812
656 792
656 899
657 701
657 864
658 812
659 662
659 743
659 762
659 773
659 781
659 913
659 922
660 668
660 735
661 842
662 738
662 809
663 686
663 858
664 692
664 745
664 746
664 883
664 903
664 959
667 668
667 748
667 891
667 958
668 695
668 821
668 862
668 897
669 704
669 858
670 681
670 725
670 778
671 776
671 881
672 764
672 786
672 872
673 846
673 856
673 883
674 905
674 941
674 961
675 759
676 796
677 763
678 791
679 880
680 793
680 843
680 858
680 989
681 739
681 746
682 766
684 836
686 946
687 790
689 862
689 915
689 983
690 852
690 876
691 779
692 730
692 965
693 707
693 991
695 711
695 728
695 898
696 812
697 706
697 976
698 909
698 961
699 818
699 866
700 871
700 932
701 968
704 812
704 905
705 718
705 847
705 886
706 753
706 784
706 860
706 901
706 951
707 940
708 901
710 736
711 798
711 998
712 766
712 819
715 772
715 885
716 878
717 748
717 923
717 983
718 827
718 882
718 883
718 895
719 812
719 947
721 744
721 757
722 855
722 918
722 980
722 993
723 921
725 788
725 789
725 798
727 749
728 899
728 959
728 986
729 732
730 806
730 942
731 779
731 783
731 807
731 885
731 936
732 874
733 799
733 970
734 807
734 950
735 765
735 776
736 874
737 880
737 945
738 777
739 791
739 978
740 869
740 878
741 901
744 824
745 982
746 818
746 831
746 954
747 857
747 879
749 863
750 981
752 891
752 968
753 762
753 861
754 814
754 897
755 930
756 787
757 839
757 844
757 888
758 759
758 772
758 851
758 860
758 897
758 969
759 763
760 839
761 834
761 875
762 828
762 937
764 819
764 853
764 863
766 953
767 876
770 780
770 823
771 830
772 880
774 806
774 831
774 890
775 834
775 899
775 902
776 834
778 790
778 808
781 837
782 905
784 898
785 891
785 909
785 952
787 812
787 930
788 838
788 880
788 894
789 866
789 967
790 819
792 850
793 850
793 893
793 964
796 969
797 836
797 849
797 962
798 916
799 961
799 997
802 933
804 816
804 822
804 996
805 818
806 834
806 843
811 899
812 824
814 977
815 836
816 973
818 878
820 827
820 850
823 870
823 955
824 831
824 994
825 858
825 931
827 828
827 901
828 909
828 997
829 841
830 873
830 984
831 917
832 863
832 910
833 876
833 979
834 875
836 952
837 873
837 934
842 902
843 867
843 891
844 885
844 941
844 978
847 934
847 965
847 971
849 874
850 860
853 859
853 956
854 944
856 873
856 993
857 979
858 887
858 966
860 964
861 893
861 913
861 996
862 883
862 890
864 922
868 941
869 960
870 909
870 972
874 980
876 938
876 986
878 924
879 894
879 967
879 978
880 884
880 954
881 921
882 946
883 930
883 963
884 929
885 982
886 994
887 951
888 899
888 924
888 984
891 975
894 962
895 964
896 995
898 988
899 904
900 901
901 984
905 948
905 950
909 922
909 935
909 974
919 921
919 983
920 976
921 929
922 935
922 963
931 935
931 936
937 949
938 956
939 943
944 963
947 992
949 958
949 969
952 993
966 967
974 984
976 992
977 984
