200 457
0 32
0 63
0 111
0 112
1 36
1 55
1 64
1 93
1 144
1 149
1 179
2 8
2 31
2 70
2 101
2 158
2 193
3 55
4 19
4 37
4 44
4 46
4 75
5 15
5 107
5 173
6 76
6 125
6 155
6 160
7 111
7 184
7 192
8 22
8 164
9 48
9 93
10 17
10 120
11 69
11 99
11 144
11 149
11 158
12 37
12 68
12 92
12 172
12 180
13 49
13 54
13 87
13 120
13 188
14 41
14 61
14 99
14 136
14 154
14 192
15 31
15 68
15 156
16 34
16 73
16 131
16 133
16 176
17 44
17 106
17 164
17 169
18 63
18 103
18 115
18 161
18 166
18 172
18 175
19 23
19 162
19 163
20 65
20 79
20 94
20 133
21 63
21 185
21 196
22 49
22 56
22 141
23 119
23 121
23 180
24 165
25 62
25 76
25 96
25 109
26 47
26 88
26 105
26 129
27 44
27 62
27 66
27 89
27 91
27 114
27 118
27 170
27 192
28 31
28 143
28 169
29 58
29 100
30 86
30 127
30 146
30 171
31 34
31 50
31 102
31 107
31 157
31 197
32 85
32 105
33 63
33 100
33 157
33 190
33 194
34 36
34 79
34 103
34 123
34 124
34 136
34 158
35 91
35 102
35 143
35 154
35 159
35 198
36 65
36 117
36 175
36 197
37 75
37 168
37 174
38 52
38 54
38 65
38 85
38 119
38 171
38 172
39 69
40 189
40 198
41 145
41 161
41 172
42 68
42 89
42 90
42 105
43 150
44 46
44 78
44 80
44 109
44 113
44 168
45 69
45 83
45 126
45 159
45 168
46 115
46 132
46 140
46 156
46 168
47 89
47 143
47 146
47 174
48 81
48 142
48 169
48 174
49 63
49 153
50 55
50 126
50 183
51 67
51 116
51 135
52 63
52 107
52 152
53 72
53 100
53 104
53 111
53 126
53 140
53 146
53 149
53 162
54 92
54 94
54 169
55 77
55 91
55 95
55 114
55 178
56 87
56 145
57 175
58 92
58 127
58 188
59 60
59 68
59 113
59 117
59 161
59 198
60 62
60 84
60 96
60 103
60 151
60 189
61 106
61 146
61 175
62 139
62 161
62 196
63 178
63 192
64 81
64 117
64 132
64 185
65 147
65 158
65 182
66 87
66 91
66 94
66 133
66 174
66 176
66 184
67 75
67 83
67 179
68 100
68 195
69 91
69 121
69 163
69 170
71 114
73 99
73 168
73 199
74 75
74 136
74 154
74 193
75 127
75 131
75 143
75 163
75 199
76 160
77 124
77 128
77 161
77 162
77 175
78 131
78 133
78 151
78 156
79 98
80 112
80 113
80 181
81 168
82 88
82 190
82 191
83 104
83 181
84 101
85 86
85 144
86 88
87 135
87 180
87 188
88 89
88 98
88 140
88 154
88 189
89 90
89 114
89 124
90 126
91 112
91 174
92 180
93 133
93 144
93 178
93 183
94 121
95 116
96 110
96 158
97 113
97 154
98 106
98 113
98 115
98 184
99 110
101 172
101 173
101 174
101 194
102 126
102 171
102 195
103 134
103 154
103 161
103 199
104 117
104 161
104 166
105 113
105 118
106 125
106 164
106 176
107 130
107 156
107 196
108 145
108 186
109 136
109 187
110 114
111 166
111 185
112 135
113 126
113 149
113 154
114 167
114 190
115 121
115 167
115 180
116 196
119 182
119 183
120 133
120 185
120 191
121 151
121 152
121 182
122 123
122 131
124 155
124 163
125 145
125 146
125 182
125 186
126 131
126 186
127 173
129 138
129 139
129 165
129 169
130 147
131 139
132 190
133 134
137 170
138 173
139 155
139 165
139 178
140 177
141 175
142 147
142 156
142 198
143 181
143 197
144 145
144 159
144 165
145 173
145 185
147 169
148 168
149 190
150 176
151 197
153 179
154 198
156 168
157 172
157 186
157 189
160 190
160 196
161 163
161 184
164 178
167 168
167 172
169 182
170 173
170 195
176 191
177 192
179 185
179 199
180 181
181 193
182 197
182 199
183 199
184 191
187 190
191 193
