198 132
0 139
1 195
2 79
3 151
4 149
5 108
5 193
6 22
6 111
7 19
8 98
9 117
10 58
11 177
12 42
12 72
13 155
14 48
15 17
16 80
18 97
19 165
20 21
22 99
23 41
24 85
25 48
25 135
26 170
27 90
28 59
28 64
29 87
30 147
30 148
31 142
32 134
33 70
34 76
35 86
36 54
37 197
38 63
38 125
39 139
40 164
41 47
42 193
43 88
44 162
45 153
45 181
46 189
48 194
49 120
50 119
51 57
51 141
52 81
52 85
53 154
53 175
55 114
56 79
58 72
58 137
59 78
60 168
60 186
61 185
62 91
64 93
64 142
65 176
66 100
67 141
68 180
69 89
71 78
73 131
73 168
74 184
75 115
75 189
76 103
77 167
77 170
78 104
82 129
82 133
83 159
84 194
88 146
90 121
90 182
92 101
92 122
94 136
95 109
96 182
97 141
99 161
100 110
102 161
104 178
105 145
105 152
106 123
106 190
107 124
112 171
113 169
116 140
118 138
126 192
127 196
128 183
130 144
132 145
133 163
143 178
150 160
156 158
157 159
162 194
166 188
168 190
172 174
173 190
175 197
179 187
190 191
