396 265
0 80
0 202
1 2
1 165
3 59
3 259
4 130
5 269
5 332
6 265
6 335
7 23
7 382
8 293
9 40
9 369
10 68
10 217
10 284
11 105
12 255
13 52
13 369
14 111
15 185
16 272
17 18
19 98
20 201
21 278
22 129
23 286
24 271
25 298
26 103
27 88
28 360
29 283
30 250
31 168
31 329
32 152
33 84
34 189
34 319
35 233
36 61
37 251
38 194
38 220
39 128
39 301
40 339
41 267
42 51
43 139
44 46
44 383
45 159
47 323
48 126
48 157
49 84
49 327
50 57
50 268
51 245
53 148
53 275
54 317
55 71
56 187
58 271
60 235
62 85
63 338
64 174
65 357
66 179
66 351
67 150
67 191
69 89
70 233
72 98
73 149
74 77
74 123
75 392
76 365
77 395
78 344
79 212
81 243
82 210
82 280
83 367
86 229
87 89
88 131
88 167
88 373
89 188
90 269
91 204
92 273
93 136
93 336
94 141
95 324
96 309
96 350
97 313
99 362
100 133
101 342
102 153
102 211
103 116
104 304
106 187
106 346
106 376
107 382
108 263
109 222
110 194
112 392
113 345
114 292
115 172
115 351
116 284
117 381
118 184
118 190
119 163
120 311
121 250
122 231
122 385
123 196
124 154
124 341
125 346
127 341
129 130
132 247
134 390
135 145
137 337
138 387
140 330
142 384
143 293
144 177
145 373
146 176
147 183
150 209
151 178
155 186
156 310
157 363
158 194
159 386
159 390
160 257
161 274
162 227
164 315
166 297
167 303
168 314
169 190
170 205
171 215
171 235
173 325
174 358
175 378
176 294
180 317
181 300
181 340
182 189
182 240
186 330
192 236
192 237
193 264
195 208
197 248
198 318
198 355
199 277
200 331
201 320
203 214
205 213
205 259
206 276
207 364
209 223
210 334
216 321
218 285
219 299
220 376
220 394
221 352
224 290
224 333
225 251
226 365
227 322
228 236
228 279
230 256
232 395
233 248
234 343
237 366
238 288
238 306
239 354
241 291
242 281
244 313
246 271
247 352
248 262
249 256
252 365
253 388
254 282
258 393
260 353
261 269
265 379
266 272
268 388
270 284
275 281
287 305
289 371
295 391
296 380
297 377
302 348
304 326
307 375
308 326
312 347
316 356
328 359
332 374
344 395
349 375
357 395
360 362
361 368
366 370
372 389
373 374
