40 341
0 2
0 4
0 6
0 9
0 12
0 23
0 25
0 34
0 37
0 38
0 39
1 3
1 4
1 5
1 9
1 11
1 12
1 13
1 14
1 17
1 18
1 20
1 22
1 26
1 27
1 28
1 30
1 31
1 32
1 33
1 35
1 36
1 37
2 3
2 7
2 9
2 10
2 12
2 15
2 18
2 21
2 23
2 30
2 31
2 32
2 34
2 38
3 7
3 8
3 10
3 16
3 19
3 20
3 25
3 26
3 30
3 31
3 32
3 36
4 8
4 9
4 11
4 12
4 13
4 14
4 16
4 18
4 22
4 24
4 26
4 31
4 33
4 36
4 37
4 39
5 7
5 10
5 15
5 16
5 18
5 19
5 22
5 26
5 27
5 28
5 30
5 32
5 34
5 36
5 39
6 9
6 11
6 19
6 20
6 21
6 28
6 29
6 30
6 31
6 36
6 39
7 8
7 9
7 11
7 12
7 14
7 15
7 18
7 20
7 22
7 23
7 27
7 30
7 33
7 35
7 36
7 37
8 10
8 13
8 16
8 17
8 22
8 25
8 26
8 27
8 28
8 35
8 36
9 11
9 15
9 16
9 17
9 18
9 19
9 21
9 24
9 27
9 29
9 32
9 35
9 37
9 39
10 15
10 16
10 20
10 24
10 27
10 32
10 33
10 34
10 36
10 38
10 39
11 13
11 14
11 16
11 17
11 19
11 20
11 22
11 23
11 24
11 25
11 26
11 27
11 29
11 30
11 34
11 39
12 14
12 15
12 17
12 18
12 21
12 28
12 29
12 31
12 32
12 34
12 37
12 38
12 39
13 14
13 15
13 18
13 21
13 22
13 25
13 26
13 27
13 28
13 39
14 19
14 20
14 21
14 22
14 24
14 25
14 27
14 29
14 31
14 32
14 36
14 37
14 38
15 16
15 23
15 25
15 27
15 30
15 31
15 33
15 34
15 35
16 17
16 19
16 21
16 23
16 26
16 27
16 28
17 20
17 21
17 23
17 26
17 27
17 28
17 32
17 33
17 36
17 39
18 20
18 21
18 23
18 24
18 26
18 27
18 28
18 29
18 33
18 34
18 37
19 23
19 26
19 32
19 33
19 34
19 37
19 38
20 21
20 22
20 23
20 27
20 28
20 30
20 31
20 32
20 35
20 37
20 38
21 23
21 24
21 29
21 30
21 32
21 33
21 34
21 35
21 37
21 39
22 24
22 25
22 27
22 28
22 30
22 33
22 34
22 35
22 36
22 37
22 38
22 39
23 24
23 25
23 28
23 29
23 31
23 35
23 37
23 38
24 32
24 33
24 34
24 35
24 38
24 39
25 26
25 29
25 31
25 36
25 38
26 30
26 33
26 34
26 35
26 37
27 33
27 36
27 37
27 39
28 29
28 30
28 31
28 34
28 35
28 36
28 39
29 33
29 34
29 35
29 36
29 38
29 39
30 31
30 32
30 33
30 34
30 37
30 38
31 32
31 34
31 39
32 35
33 37
34 36
34 37
34 39
36 37
36 38
37 39
38 39
